start=3043.212000
volume=102.000000
