start=19.352686
speed=1.464100
volume=114.000000
fullscreen=yes
