start=26.422000
volume=72.000000
