start=2827.368000
volume=90.000000
