start=2489.141000
volume=94.000000
aid=1
