start=3537.742000
pause=yes
volume=72.000000
