start=319.480000
volume=88.000000
