start=7526.192000
volume=142.000000
