start=3543.892000
volume=98.000000
