start=2.769000
volume=64.000000
sid=1
