start=782.261000
volume=110.000000
