start=0.105000
pause=yes
volume=82.000000
