start=66.525000
volume=106.000000
