start=2203.870000
volume=100.000000
