start=3812.900000
pause=yes
volume=84.000000
