start=29.738000
volume=106.000000
fullscreen=no
