start=159.076000
volume=80.000000
aid=no
