start=3391.973000
volume=118.000000
