start=3935.470000
volume=106.000000
brightness=1
