start=132.092000
volume=96.000000
