start=2.044000
volume=94.000000
fullscreen=no
